元素抗性,0,1,1
冰冻伤害,1,0,1
冰冻增伤,0,1,1
减元素抗性,0,1,1
减目标冰抗,0,1,1
减目标毒抗,0,1,1
减目标火抗,0,1,1
减目标物抗,0,1,1
减目标电抗,0,1,1
减目标魔抗,0,1,1
最大火焰抗性,0,1,1
最大毒素抗性,0,1,1
最大冰冻抗性,0,1,1
最大闪电抗性,0,1,1
减目标伤害,0,1,1
抗冰,0,1,1
抗毒,0,1,1
抗火,0,1,1
抗物理,0,1,1
抗电,0,1,1
抗魔法,0,1,1
毒素伤害,1,0,1
毒素增伤,0,1,1
火焰伤害,1,0,1
火焰增伤,0,1,1
物理伤害,1,0,1
物理减伤,0,0,1
物理增伤,0,1,1
闪电伤害,1,0,1
闪电增伤,0,1,1
魔法伤害,1,0,1
魔法减伤,0,0,1
魔法增伤,0,1,1
怪物增强伤害,0,1,1
怪物等级,0,0,1
伤害加深,0,1,1
体力,0,0,1
全技能加成,0,0,1
准确率,0,0,1
减目标伤害,0,1,1
减目标准确,0,1,1
减目标防御,0,1,1
削弱伤害,0,1,1
力量,0,0,1
压碎打击,0,1,1
吸取法力,0,0,1
吸取生命,0,0,1
基础伤害,1,0,1
增强伤害,0,1,1
增强防御,0,1,1
撕开伤口,0,1,1
金币获取,0,1,1
物品掉率,0,1,1
攻击技能伤害加成,0,1,1
攻击速度,0,1,1
敏捷,0,0,1
暴击率,0,1,1
最大伤害,0,0,1
最小伤害,0,0,1
格挡率,0,1,1
法力回复,0,0,1
法术技能伤害加成,0,1,1
生命回复,0,0,1
移动速度,0,1,1
精力,0,0,1
防御值,0,0,1
额外法力值,0,0,1
额外生命值,0,0,1
刺客伤害加成,0,0,1
刺客刺杀技能加成,0,0,1
刺客技能加成,0,0,1
刺客格斗技能加成,0,0,1
战士伤害加成,0,0,1
战士作战技能加成,0,0,1
战士技能加成,0,0,1
战士防御技能加成,0,0,1
死灵伤害加成,0,0,1
死灵召唤技能加成,0,0,1
死灵技能加成,0,0,1
死灵白骨技能加成,0,0,1
法师伤害加成,0,0,1
法师元素技能加成,0,0,1
法师冥想技能加成,0,0,1
法师技能加成,0,0,1
游侠伤害加成,0,0,1
游侠技能加成,0,0,1
游侠辅助技能加成,0,0,1
游侠远程技能加成,0,0,1
牧师伤害加成,0,0,1
牧师技能加成,0,0,1
牧师暗影技能加成,0,0,1
牧师神圣技能加成,0,0,1
萨满伤害加成,0,0,1
萨满元素技能加成,0,0,1
萨满增强技能加成,0,0,1
萨满技能加成,0,0,1
贤者伤害加成,0,0,1
贤者变形技能加成,0,0,1
贤者技能加成,0,0,1
贤者自然技能加成,0,0,1
骑士伤害加成,0,0,1
骑士光环技能加成,0,0,1
骑士惩戒技能加成,0,0,1
骑士技能加成,0,0,1
牺牲,0,0,1
白热,0,0,1
复仇,0,0,1
天罚,0,0,1
力量光环,0,0,1
专注光环,0,0,1
狂热光环,0,0,1
