17
f
0,力量,1,力量,1,1,2,2,52,29,18,30
0,力量,5,力量,1,1,2,2,26,27,31
0,力量,12,力量,1,1,2,2,56
0,武力,10,力量,3,3,5,5,52,29,18,30
0,武力,21,力量,3,3,5,5,26,27,31
0,武力,33,力量,3,3,5,5,56
0,公牛,26,力量,6,6,9,9,52,29,18,30
0,公牛,38,力量,6,6,9,9,26,27,31
0,公牛,45,力量,6,6,9,9,56
0,巨人,42,力量,10,10,15,15,52,29,18,30
0,巨人,55,力量,10,10,15,15,26,27,31
0,泰坦,58,力量,16,16,20,20,52,29,18,30
0,泰坦,74,力量,16,16,20,20,26,27,31
0,天神,71,力量,21,21,30,30,52,29,18,30
0,勇气,18,力量,1,1,4,4,33
0,勇气,33,力量,5,5,6,6,33
0,勇气,50,力量,7,7,9,9,33
18
a
0,敏捷,2,敏捷,1,1,3,3,53,18,30
0,敏捷,6,敏捷,1,1,3,3,27,31
0,敏捷,13,敏捷,1,1,3,3,26,28
0,技能,11,敏捷,3,3,5,5,53,18,30
0,技能,22,敏捷,3,3,5,5,27,31
0,技能,34,敏捷,3,3,5,5,26,28
0,准确,27,敏捷,6,6,9,9,53,18,30
0,准确,39,敏捷,6,6,9,9,27,31
0,准确,46,敏捷,6,6,9,9,26,28
0,精密,43,敏捷,10,10,15,15,53,18,30
0,精密,56,敏捷,10,10,15,15,27,31
0,精密,60,敏捷,10,10,15,15,26,28
0,完美,59,敏捷,16,16,20,20,53,18,30
0,完美,75,敏捷,16,16,20,20,27,31
0,涅磐,72,敏捷,21,21,30,30,53,18,30
0,精气,7,敏捷,1,1,3,3,33
0,精气,19,敏捷,4,4,6,6,33
0,精气,36,敏捷,7,7,9,9,33
14
b
0,能源,1,精力,1,1,3,3,54,18,30
0,能源,7,精力,1,1,3,3,17,31,19,21,20
0,思想,7,精力,4,4,6,6,54,18,30
0,思想,10,精力,4,4,6,6,17,31,19,21,20
0,才华,13,精力,7,7,10,10,54,18,30
0,才华,16,精力,7,7,10,10,17,31,19,21,20
0,幻术,21,精力,11,11,15,15,54,18,30
0,幻术,26,精力,11,11,15,15,17,31,19,21,20
0,魔术,31,精力,16,16,20,20,54,18,30
0,魔术,41,精力,16,16,20,20,17,31,19,21,20
0,启发,41,精力,21,21,30,30,54,18,30
0,知识,9,精力,1,1,5,5,33
0,知识,24,精力,4,4,6,6,33
0,知识,41,精力,7,7,9,9,33
16
c
0,豺狼,1,额外生命值,1,1,5,5,26,29,18,30,32
0,豺狼,4,额外生命值,1,1,5,5,52,56,17,31,19,21,20
0,狐狸,7,额外生命值,6,6,10,10,26,29,18,30,32
0,狐狸,17,额外生命值,6,6,10,10,52,56,17,31,19,21,20
0,狂狼,15,额外生命值,11,11,20,20,26,29,18,30,32
0,狂狼,34,额外生命值,11,11,20,20,52,56,17,31,19,21,20
0,猛虎,20,额外生命值,21,21,30,30,26,29,18,30,32
0,猛虎,51,额外生命值,21,21,30,30,52,56,17,31,19,21,20
0,猛犸,25,额外生命值,31,31,40,40,26,29,18,30,32
0,猛犸,68,额外生命值,31,31,40,40,52,56,17,31,19,21,20
0,巨犀,30,额外生命值,41,41,60,60,26,29,18,30,32
0,巨犀,75,额外生命值,41,41,60,60,56
0,乌贼,40,额外生命值,61,61,80,80,26,29,18,30,32
0,巨鲸,50,额外生命值,81,81,100,100,26,29,18,30,32
0,渴望,1,额外生命值,3,3,8,8,33
0,希望,45,额外生命值,9,9,20,20,33
11
7
0,价值,1,最小伤害,1,1,3,3,51
0,价值,15,最小伤害,1,1,3,3,58,18
0,测量,12,最小伤害,3,3,5,5,51
0,测量,37,最小伤害,3,3,5,5,58,18
0,细致,24,最小伤害,5,5,9,9,51
0,细致,59,最小伤害,5,5,9,9,58,18
0,表现,48,最小伤害,5,5,9,9,51
0,表现,81,最小伤害,9,9,14,14,58,18
0,超凡,76,最小伤害,15,15,20,20,51
0,快乐,5,最小伤害,1,1,4,4,33
0,福气,43,最小伤害,5,5,10,10,33
15
8
0,工匠,1,最大伤害,1,1,2,2,51,58
0,工匠,15,最大伤害,1,1,5,5,18
0,品质,4,最大伤害,2,2,3,3,51
0,品质,30,最大伤害,2,2,8,8,18
0,残废,7,最大伤害,3,3,4,4,51
0,残废,42,最大伤害,3,3,12,12,58,56,18
0,屠杀,11,最大伤害,5,5,7,7,51,32
0,凝血,14,最大伤害,8,8,10,10,51,32
0,杀戮,19,最大伤害,11,11,14,14,51,32
0,残杀,25,最大伤害,15,15,20,20,51,32
0,屠戮,35,最大伤害,21,21,40,40,51,32
0,屠神,45,最大伤害,41,41,63,63,51,32
0,愤怒,4,最大伤害,2,2,5,5,33
0,暴怒,11,最大伤害,6,6,9,9,33
0,灭杀,25,最大伤害,11,11,15,15,33
9
c
0,火焰,1,火焰伤害,1,1,2,2,51
0,火焰,4,火焰伤害,1,1,2,5,51
0,火焰,40,火焰伤害,1,1,3,5,58,27
0,烈火,15,火焰伤害,2,4,6,10,51,32
0,烈焰,25,火焰伤害,5,9,11,20,51,32
0,炽炎,43,火焰伤害,10,20,21,75,51
0,热情,16,火焰伤害,1,3,6,10,33
0,燃屑,36,火焰伤害,4,10,11,30,33
0,燃烧,57,火焰伤害,11,25,31,50,33
8
b
0,霜冻,1,冰冻伤害,1,1,2,2,51
0,霜冻,55,冰冻伤害,1,1,3,6,58,29
0,冰刺,13,冰冻伤害,1,1,3,4,51,32
0,冰河,27,冰冻伤害,2,4,5,15,51,32
0,严冬,45,冰冻伤害,5,9,16,50,51
0,寒冷,16,冰冻伤害,1,1,5,5,33
0,冰柱,37,冰冻伤害,2,3,6,10,33
0,冰川,58,冰冻伤害,4,5,11,15,33
8
e
0,冲击,1,闪电伤害,1,1,6,8,51
0,冲击,50,闪电伤害,1,1,11,23,58,28
0,闪电,15,闪电伤害,1,1,9,16,51,32
0,雷电,25,闪电伤害,1,1,17,40,51,32
0,暴风,34,闪电伤害,1,6,41,120,51
0,厌倦,16,闪电伤害,1,1,10,20,33
0,麻痹,36,闪电伤害,1,1,21,60,33
0,怒雷,57,闪电伤害,1,1,61,100,33
8
a
0,毒液,1,毒素伤害,1,1,1,1,51
0,毒液,4,毒素伤害,2,2,2,2,51,18
0,毒液,45,毒素伤害,16,16,16,16,58
0,腹蛇,15,毒素伤害,5,5,5,5,51,18,32
0,疫病,25,毒素伤害,10,10,10,10,51,18,32
0,炭疽,33,毒素伤害,17,17,17,17,51
0,嫉妒,1,毒素伤害,2,2,2,2,33
0,背叛,10,毒素伤害,5,5,5,5,33
10
4
1,蝙蝠,6,吸取生命,0.4,0.4,0.50,0.50,51
1,蝙蝠,14,吸取生命,0.3,0.3,0.40,0.40,18,31
1,蝙蝠,24,吸取生命,0.2,0.2,0.30,0.30,30
1,蝙蝠,34,吸取生命,0.30,0.30,0.30,0.30,27
1,蝗虫,20,吸取生命,0.6,0.6,0.70,0.70,51
1,蝗虫,47,吸取生命,0.5,0.5,0.60,0.60,18,31
1,蝗虫,50,吸取生命,0.4,0.4,0.50,0.50,30
1,吸血鬼,55,吸取生命,0.8,0.8,0.90,0.90,51
1,吸血鬼,77,吸取生命,0.7,0.7,0.80,0.80,18,31
1,吸血鬼,85,吸取生命,0.60,0.60,0.60,0.60,30
10
1
1,巫妖,7,吸取法力,0.4,0.4,0.50,0.50,51
1,巫妖,15,吸取法力,0.3,0.3,0.40,0.40,18,30
1,巫妖,25,吸取法力,0.2,0.2,0.30,0.30,31
1,巫妖,35,吸取法力,0.30,0.30,0.30,0.30,27
1,灵吸,21,吸取法力,0.6,0.6,0.70,0.70,51
1,灵吸,58,吸取法力,0.5,0.5,0.60,0.60,18,30
1,灵吸,68,吸取法力,0.4,0.4,0.50,0.50,31
1,吸精,56,吸取法力,0.8,0.8,0.90,0.90,51
1,吸精,78,吸取法力,0.7,0.7,0.80,0.80,18,30
1,吸精,86,吸取法力,0.60,0.60,0.60,0.60,31
8
4
0,重造,1,生命回复,1,1,1,1,18,30
0,重造,10,生命回复,1.5,1.5,2.5,2.5,54,29,18,31,30
0,重造,40,生命回复,1.5,1.5,2.5,2.5,56,27
0,重造,70,生命回复,1.5,1.5,2.5,2.5,53,52,26,28
0,重生,17,生命回复,3,3,5,5,54,18,30
0,重生,55,生命回复,3,3,5,5,29,31
0,复苏,38,生命回复,5.5,5.5,7.5,7.5,54,18,30
0,荣誉,47,生命回复,0.5,0.5,2,2,33
7
f
1,快速,5,攻击速度,0.1,0.1,0.1,0.1,53,52,16
1,快速,20,攻击速度,0.1,0.1,0.1,0.1,27
1,轻快,25,攻击速度,0.2,0.2,0.2,0.2,53,52,16
1,轻快,43,攻击速度,0.2,0.2,0.2,0.2,27
1,迅捷,34,攻击速度,0.3,0.3,0.3,0.3,53,52,16
1,迅速,46,攻击速度,0.4,0.4,0.4,0.4,53,52,16
1,白热,39,攻击速度,0.15,0.15,0.15,0.15,33
2
7
1,格挡,1,格挡率,0.1,0.1,0.1,0.1,56
1,偏向,11,格挡率,0.2,0.2,0.2,0.2,56
9
f
0,额外生命值,7,物理减伤,1,1,1,1,58,56,26,18
0,保护,18,物理减伤,2,2,2,2,58,18
0,保护,24,物理减伤,2,2,2,2,56,26
0,吸收,26,物理减伤,3,3,3,3,58,18
0,吸收,32,物理减伤,3,3,3,3,56,26
0,庇护,35,物理减伤,4,4,4,4,18,30,32
0,庇护,41,物理减伤,4,4,7,7,56,26,18,30,32
0,永生,45,物理减伤,8,8,15,15,18,30,32
0,和睦,51,物理减伤,16,16,25,25,56,26,18
6
d
0,防避,7,魔法减伤,1,1,1,1,51,58,56,26,18
0,步哨,18,魔法减伤,2,2,2,2,51,58,18
0,步哨,24,魔法减伤,2,2,2,2,56,26
0,守卫,26,魔法减伤,3,3,3,3,51,58,18
0,守卫,32,魔法减伤,3,3,3,3,56,26
0,否定,41,魔法减伤,4,4,6,6,51,58,56,26,18