13
6
0,青铜,1,准确率,10,10,20,20,4,51,58,27,18
0,铁,4,准确率,21,21,40,40,4,51,18,31,32
0,钢,8,准确率,41,41,60,60,4,51,18,31,32
0,银,12,准确率,61,61,80,80,4,51,18,31,32
0,秘银,17,准确率,81,81,100,100,4,51,18,31,32
0,金,22,准确率,101,101,120,120,4,51,18,31,32
0,魔铁,27,准确率,121,121,150,150,2,51,32
0,陨铁,32,准确率,151,151,300,300,3,51,32
0,白金,37,准确率,301,301,450,450,3,51,32
0,镍,1,准确率,10,10,20,20,33
0,锡,8,准确率,21,21,40,40,33
0,铝,25,准确率,41,41,60,60,33
0,古银,44,准确率,61,61,100,100,33
4
b
0,雪花,25,冰冻伤害,6,9,19,30,51,18,32
0,颤抖,35,冰冻伤害,10,15,31,45,51,32
0,北风,50,冰冻伤害,16,23,46,90,51
0,寒冬,70,冰冻伤害,24,45,91,140,51
5
c
0,烟雾,25,火焰伤害,16,25,31,60,51,18,32
0,闷烧,35,火焰伤害,26,50,61,90,51,32
0,炽焰,47,火焰伤害,51,80,91,130,51,32
0,灰烬,61,火焰伤害,81,120,131,180,51
0,火山,77,火焰伤害,121,170,181,240,51
5
e
0,充能,25,闪电伤害,1,1,49,120,51,18,32
0,嗡叫,34,闪电伤害,1,1,121,180,51,32
0,鸣叫,46,闪电伤害,1,1,181,260,51,32
0,雷鸣,60,闪电伤害,1,1,261,360,51
0,震撼,76,闪电伤害,1,1,361,480,51
5
a
0,腐败,1,毒素伤害,3,3,3,3,51,18,32
0,腐烂,10,毒素伤害,8,8,8,8,51,32
0,腐蚀,20,毒素伤害,20,20,20,20,51,32
0,剧毒,35,毒素伤害,30,30,30,30,51
0,瘟疫,50,毒素伤害,45,45,45,45,51
14
5
1,锯齿,1,增强伤害,0.10,0.10,0.20,0.20,51,18
1,致命,5,增强伤害,0.21,0.21,0.30,0.30,51,18
1,恶毒,8,增强伤害,0.31,0.31,0.40,0.40,51
1,残酷,14,增强伤害,0.41,0.41,0.50,0.50,51
1,狠毒,20,增强伤害,0.51,0.51,0.65,0.65,51
1,野蛮,26,增强伤害,0.66,0.66,0.80,0.80,51
1,绝情,32,增强伤害,0.81,0.81,1.00,1.00,51
1,凶暴,41,增强伤害,1.01,1.01,2.00,2.00,51
1,残忍,51,增强伤害,2.01,2.01,3.00,3.00,51
1,残忍,56,增强伤害,2.01,2.01,3.00,3.00,51
1,朱砂,1,增强伤害,0.05,0.05,0.10,0.10,33
1,生锈,13,增强伤害,0.11,0.11,0.20,0.20,33
1,雄黄,45,增强伤害,0.21,0.21,0.30,0.30,33
1,血红,66,增强伤害,0.31,0.31,0.40,0.40,33
9
f
0,结实,1,防御值,10,10,20,20,57
0,结实,4,防御值,21,21,30,30,57
0,强壮,9,防御值,31,31,40,40,57
0,光荣,19,防御值,41,41,50,50,57
0,祝福,25,防御值,51,51,65,65,57
0,崇高,31,防御值,66,66,80,80,57
0,神圣,36,防御值,81,81,100,100,57
0,不朽,45,防御值,101,101,200,200,57
0,不朽,50,防御值,101,101,200,200,57
14
1
0,蜥蜴,1,额外法力值,1,1,2,2,57,58,54
0,蜥蜴,3,额外法力值,3,3,5,5,57,58,54
0,水蛇,6,额外法力值,6,6,10,10,58,54,56,29,18
0,海蛇,14,额外法力值,11,11,20,20,58,54,56,29,18
0,海蛇,37,额外法力值,11,11,20,20,51,26,27,28
0,蜉蝣,20,额外法力值,21,21,30,30,58,54,18
0,海龙,24,额外法力值,31,31,40,40,58,54,18
0,海龙,52,额外法力值,31,31,40,40,26,27,28
0,海鳗,30,额外法力值,41,41,60,60,58,54,18
0,飞龙,37,额外法力值,61,61,90,90,58,54,18
0,巨龙,45,额外法力值,91,91,120,120,58,54,18
0,锆石,3,额外法力值,5,5,10,10,33
0,红锆石,17,额外法力值,11,11,15,15,33
0,绿松石,29,额外法力值,16,16,20,20,33
7
c
1,枣红,1,抗火,0.05,0.05,0.05,0.05,51,57,58
1,枣红,5,抗火,0.05,0.05,0.10,0.10,51,57,58
1,赤褐,12,抗火,0.11,0.11,0.20,0.20,51,57,58
1,深红,18,抗火,0.21,0.21,0.30,0.30,51,57,58
1,红宝石,25,抗火,0.31,0.31,0.40,0.40,51,57,58
1,石榴石,2,抗火,0.05,0.05,0.15,0.15,33
1,红钻石,18,抗火,0.16,0.16,0.30,0.30,33
7
b
1,天青,1,抗冰,0.05,0.05,0.05,0.05,51,57,58
1,天青,5,抗冰,0.05,0.05,0.10,0.10,51,57,58
1,天蓝,12,抗冰,0.11,0.11,0.20,0.20,51,57,58
1,钴蓝,18,抗冰,0.21,0.21,0.30,0.30,51,57,58
1,蓝宝石,25,抗冰,0.31,0.31,0.40,0.40,51,57,58
1,青金石,2,抗冰,0.05,0.05,0.15,0.15,33
1,蓝钻石,19,抗冰,0.16,0.16,0.30,0.30,33
7
4
1,明黄,1,抗电,0.05,0.05,0.05,0.05,51,57,58
1,明黄,5,抗电,0.05,0.05,0.10,0.10,51,57,58
1,赭黄,12,抗电,0.11,0.11,0.20,0.20,51,57,58
1,珊瑚,18,抗电,0.21,0.21,0.30,0.30,51,57,58
1,黄宝石,25,抗电,0.31,0.31,0.40,0.40,51,57,58
1,樟木,2,抗电,0.05,0.05,0.15,0.15,33
1,龙涎香,19,抗电,0.16,0.16,0.30,0.30,33
7
a
1,青绿,1,抗毒,0.05,0.05,0.05,0.05,51,57,58
1,青绿,5,抗毒,0.05,0.05,0.10,0.10,51,57,58
1,铭绿,12,抗毒,0.11,0.11,0.20,0.20,51,57,58
1,翠绿,18,抗毒,0.21,0.21,0.30,0.30,51,57,58
1,绿宝石,25,抗毒,0.31,0.31,0.40,0.40,51,57,58
1,海蓝,2,抗毒,0.05,0.05,0.15,0.15,33
1,绿钻石,19,抗毒,0.16,0.16,0.30,0.30,33
15
l
1,闪耀,6,元素抗性,0.03,0.03,0.07,0.07,56
1,闪耀,8,元素抗性,0.03,0.03,0.07,0.07,18,30,32
1,闪耀,45,元素抗性,0.03,0.03,0.07,0.07,31
1,彩虹,18,元素抗性,0.08,0.08,0.11,0.11,56
1,彩虹,21,元素抗性,0.08,0.08,0.11,0.11,18,30,32
1,彩虹,56,元素抗性,0.08,0.08,0.11,0.11,31
1,闪光,28,元素抗性,0.12,0.12,0.15,0.15,56
1,闪光,34,元素抗性,0.12,0.12,0.15,0.15,18,30,32
1,闪光,67,元素抗性,0.12,0.12,0.15,0.15,31
1,棱镜,39,元素抗性,0.16,0.16,0.20,0.20,56
1,棱镜,42,元素抗性,0.16,0.16,0.20,0.20,18,30,32
1,多彩,50,元素抗性,0.21,0.21,0.30,0.30,56
1,多彩,55,元素抗性,0.21,0.21,0.30,0.30,18,30
1,闪烁,16,元素抗性,0.05,0.05,0.10,0.10,33
1,璀璨,34,元素抗性,0.11,0.11,0.15,0.15,33
90
f
0,骑士,30,骑士技能加成,1,1,1,1,1,2,3,16
0,骑士,36,骑士技能加成,1,1,1,1,18,30
0,圣骑士,60,骑士技能加成,2,2,2,2,1,2,3,16
0,圣骑士,90,骑士技能加成,2,2,2,2,18,30
0,狮子烙印,20,骑士惩戒技能加成,1,1,1,1,22,18,30,1,2,3,16,23,32
0,老鹰烙印,40,骑士惩戒技能加成,2,2,2,2,22,18,30,1,2,3,16,23,32
0,玫瑰烙印,60,骑士惩戒技能加成,3,3,3,3,22,18,30,1,2,3,16,23,32
0,队长,20,骑士光环技能加成,1,1,1,1,22,18,30,1,2,3,16,23,32
0,指挥官,40,骑士光环技能加成,2,2,2,2,22,18,30,1,2,3,16,23,32
0,元帅,60,骑士光环技能加成,3,3,3,3,22,18,30,1,2,3,16,23,32
0,处女,30,游侠技能加成,1,1,1,1,6,7,8,10,11
0,处女,36,游侠技能加成,1,1,1,1,18,30
0,女神,60,游侠技能加成,2,2,2,2,6,7,8,10,11
0,女神,90,游侠技能加成,2,2,2,2,18,30
0,制箭者,20,游侠远程技能加成,1,1,1,1,27,18,30,6,7,8,10,11,32
0,制弓匠,40,游侠远程技能加成,2,2,2,2,27,18,30,6,7,8,10,11,32
0,神射手,60,游侠远程技能加成,3,3,3,3,27,18,30,6,7,8,10,11,32
0,特技,20,游侠辅助技能加成,1,1,1,1,27,18,30,6,7,8,10,11,32
0,体技,40,游侠辅助技能加成,2,2,2,2,27,18,30,6,7,8,10,11,32
0,竞赛,60,游侠辅助技能加成,3,3,3,3,27,18,30,6,7,8,10,11,32
0,屠杀者,30,战士技能加成,1,1,1,1,0,1,2,3
0,屠杀者,36,战士技能加成,1,1,1,1,18,30
0,狂战士,60,战士技能加成,2,2,2,2,0,1,2,3
0,狂战士,90,战士技能加成,2,2,2,2,18,30
0,狂信,20,战士作战技能加成,1,1,1,1,17,18,30,0,1,2,3,19,32
0,猛烈,40,战士作战技能加成,2,2,2,2,17,18,30,0,1,2,3,19,32
0,狂怒,60,战士作战技能加成,3,3,3,3,17,18,30,0,1,2,3,19,32
0,保护者,20,战士防御技能加成,1,1,1,1,17,18,30,0,1,2,3,19,32
0,主管,40,战士防御技能加成,2,2,2,2,17,18,30,0,1,2,3,19,32
0,守护者,60,战士防御技能加成,3,3,3,3,17,18,30,0,1,2,3,19,32
0,秘术,30,法师技能加成,1,1,1,1,1,5,12,13
0,秘术,36,法师技能加成,1,1,1,1,18,30
0,魔法,60,法师技能加成,2,2,2,2,1,5,12,13
0,魔法,90,法师技能加成,2,2,2,2,18,30
0,法术,20,法师元素技能加成,1,1,1,1,26,18,30,1,5,12,13,32
0,精神,40,法师元素技能加成,2,2,2,2,26,18,30,1,5,12,13,32
0,元素,60,法师元素技能加成,3,3,3,3,26,18,30,1,5,12,13,32
0,冥想,20,法师冥想技能加成,1,1,1,1,26,18,30,1,5,12,13,32
0,回响,40,法师冥想技能加成,2,2,2,2,26,18,30,1,5,12,13,32
0,韵律,60,法师冥想技能加成,3,3,3,3,26,18,30,1,5,12,13,32
0,祭祀,30,牧师技能加成,1,1,1,1,1,2,5,15
0,祭祀,36,牧师技能加成,1,1,1,1,18,30
0,主教,60,牧师技能加成,2,2,2,2,1,2,5,15
0,主教,90,牧师技能加成,2,2,2,2,18,30
0,净化,20,牧师神圣技能加成,1,1,1,1,29,18,30,1,2,5,32,15,24
0,纯洁,40,牧师神圣技能加成,2,2,2,2,29,18,30,1,2,5,32,15,24
0,神性,60,牧师神圣技能加成,3,3,3,3,29,18,30,1,2,5,32,15,24
0,阴影,20,牧师暗影技能加成,1,1,1,1,29,18,30,1,2,5,32,15,24
0,阴暗,40,牧师暗影技能加成,2,2,2,2,29,18,30,1,2,5,32,15,24
0,黑洞,60,牧师暗影技能加成,3,3,3,3,29,18,30,1,2,5,32,15,24
0,巫术,30,死灵技能加成,1,1,1,1,1,2,5,14
0,巫术,36,死灵技能加成,1,1,1,1,18,30
0,死灵,60,死灵技能加成,2,2,2,2,1,2,5,14
0,死灵,90,死灵技能加成,2,2,2,2,18,30
0,白骨,20,死灵白骨技能加成,1,1,1,1,29,18,30,1,2,5,14,25,32
0,骸骨,40,死灵白骨技能加成,2,2,2,2,29,18,30,1,2,5,14,25,32
0,龙骨,60,死灵白骨技能加成,3,3,3,3,29,18,30,1,2,5,14,25,32
0,召唤者,20,死灵召唤技能加成,1,1,1,1,29,18,30,1,2,5,14,25,32
0,操纵者,40,死灵召唤技能加成,2,2,2,2,29,18,30,1,2,5,14,25,32
0,盗墓者,60,死灵召唤技能加成,3,3,3,3,29,18,30,1,2,5,14,25,32
0,杀手,30,刺客技能加成,1,1,1,1,1,4,5,9
0,杀手,36,刺客技能加成,1,1,1,1,18,30
0,刺客,60,刺客技能加成,2,2,2,2,1,4,5,9
0,刺客,90,刺客技能加成,2,2,2,2,18,30
0,剑客,20,刺客格斗技能加成,1,1,1,1,28,18,30,1,4,5,9,32
0,剑士,40,刺客格斗技能加成,2,2,2,2,28,18,30,1,4,5,9,32
0,剑圣,60,刺客格斗技能加成,3,3,3,3,28,18,30,1,4,5,9,32
0,诱骗,20,刺客刺杀技能加成,1,1,1,1,28,18,30,1,4,5,9,32
0,陷阱,40,刺客刺杀技能加成,2,2,2,2,28,18,30,1,4,5,9,32
0,刺杀,60,刺客刺杀技能加成,3,3,3,3,28,18,30,1,4,5,9,32
0,巫师,30,萨满技能加成,1,1,1,1,0,1,2,5
0,巫师,36,萨满技能加成,1,1,1,1,18,30
0,萨满,60,萨满技能加成,2,2,2,2,0,1,2,5
0,萨满,90,萨满技能加成,2,2,2,2,18,30
0,增强,20,萨满增强技能加成,1,1,1,1,17,18,30,0,1,2,5,32,20
0,风舞,40,萨满增强技能加成,2,2,2,2,17,18,30,0,1,2,5,32,20
0,先祖,60,萨满增强技能加成,3,3,3,3,17,18,30,0,1,2,5,32,20
0,大地,20,萨满元素技能加成,1,1,1,1,17,18,30,0,1,2,5,32,20
0,尘土,40,萨满元素技能加成,2,2,2,2,17,18,30,0,1,2,5,32,20
0,盖亚,60,萨满元素技能加成,3,3,3,3,17,18,30,0,1,2,5,32,20
0,教派,30,贤者技能加成,1,1,1,1,1,2,3,9
0,教派,36,贤者技能加成,1,1,1,1,18,30
0,贤者,60,贤者技能加成,2,2,2,2,1,2,3,9
0,贤者,90,贤者技能加成,2,2,2,2,18,30
0,野性,20,贤者变形技能加成,1,1,1,1,17,18,30,1,2,3,9,32,21
0,勇者,40,贤者变形技能加成,2,2,2,2,17,18,30,1,2,3,9,32,21
0,猛禽,60,贤者变形技能加成,3,3,3,3,17,18,30,1,2,3,9,32,21
0,灵光,20,贤者自然技能加成,1,1,1,1,17,18,30,1,2,3,9,32,21
0,月光,40,贤者自然技能加成,2,2,2,2,17,18,30,1,2,3,9,32,21
0,月神,60,贤者自然技能加成,3,3,3,3,17,18,30,1,2,3,9,32,21
4
f
0,苍白,1,防御值,5,5,8,8,33,32
0,类象牙,16,防御值,9,9,20,20,33,32
0,牛角,32,防御值,21,21,40,40,33,32
0,象牙,64,防御值,41,41,64,64,33,32
2
7
0,腥红,8,最小伤害,1,1,4,4,33
0,枣红,38,最小伤害,5,5,8,8,33
3
8
0,红玉,12,最大伤害,1,1,5,5,33
0,洋红,35,最大伤害,6,6,9,9,33
0,朱红,58,最大伤害,11,11,15,15,33