艾尔,11,1,0,0,准确率,50,0,防御值,15
艾德,11,2,1,0,增强伤害,0.25,0,0,准确率,17,0,生命回复,2
特尔,13,1,0,0,吸取法力,2,0,吸取法力,2
那夫,13,1,1,0,减目标准确,0.1,0,防御值,15
爱斯,15,1,1,0,减目标防御,0.25,1,法力回复,0.15
伊司,15,1,0,0,最大伤害,9,1,增强防御,0.1
塔尔,17,1,0,0,毒素伤害,45,1,抗毒,0.3
拉尔,19,1,0,1,火焰伤害,5,30,1,抗火,0.3
欧特,21,1,0,1,闪电伤害,1,50,1,抗电,0.3
书尔,23,1,0,1,冰冻伤害,6,28,1,抗冰,0.3
安姆,25,1,1,0,吸取生命,0.007,0,反弹伤害,7
索尔,27,1,0,0,最小伤害,9,0,物理减伤,7
夏,29,1,1,0,攻击速度,0.2,1,移动速度,0.1
多尔,31,1,1,0,减目标伤害,0.08,0,生命回复,3.5
海尔,33,2,1,0,增强伤害,0.27,0,0,准确率,25,0,增强防御,0.2
破,35,1,0,0,体力,10,0,体力,10
卢姆,37,1,0,0,精力,10,0,精力,10
科,39,1,0,0,敏捷,10,0,敏捷,10
法尔,41,1,0,0,力量,10,0,力量,10
蓝姆,43,1,1,0,金币获取,0.75,1,金币获取,0.5
普尔,45,2,1,0,增强伤害,0.3,0,0,准确率,34,1,增强防御,0.3
乌姆,47,1,1,0,撕开伤口,0.25,1,元素抗性,0.15
马尔,49,1,1,0,命中目标时有25%几率施放Lv10致死,1,0,魔法减伤,7
伊司特,51,1,1,0,物品掉率,0.3,1,物品掉率,0.25
古尔,53,1,1,0,准确率,0.2,1,最大毒素抗性,0.05
伐克斯,55,1,1,0,吸取法力,0.007,1,最大火焰抗性,0.05
欧姆,57,1,1,0,增强伤害,0.5,1,最大冰冻抗性,0.05
罗,59,1,1,0,暴击率,0.2,1,最大闪电抗性,0.05
瑟,61,1,1,0,减目标准确,0.25,1,额外法力值,0.05
贝,63,1,1,0,压碎打击,0.2,1,抗物理,0.08
乔,65,1,1,0,减目标防御,0.75,1,额外生命值,0.05
查姆,67,1,1,0,增强伤害,0.7,0,0,准确率,55,0,抗魔法,0.1
萨德,69,1,1,0,增强伤害,1,1,增强防御,0.5
