15
18
28
43
65
94
130
174
226
287
356
435
523
622
732
854
988
1134
1295
1469
1659
1865
2087
2327
2586
2865
3164
3485
3829
4196
4590
5010
5458
5935
6444
6985
7560
8172
8821
9510
10241
11015
11836
12704
13624
14596
15625
16712
17860
19073
20353
21704
23129
24632
26216
27886
29645
31498
33450
35503
37665
39939
42332
44848
47493
50274
53196
56267
59493
62882
66440
70176
74097
78214
82533
87065
91820
96806
102036
107520
113269
119296
125613
132233
139170
146438
154052
162028
170381
179128
188288
197878
207917
218426
229426
240937
252983
265588
278775
292572
