头盔
8
毕格因的软帽
帽子
3
5
准确率,6,0,20,20,30,30
增强伤害,5,1,0.20,0.20,0.30,0.30
额外法力值,b,0,10,10,15,15
额外生命值,c,0,10,10,15,15
防御值,8,0,10,10,14,14
光荣布帽
头盔
14
4
抗电,e,1,0.10,0.10,0.15,0.15
物理减伤,d,0,3,3,5,5
防御值,8,0,30,30,45,45
减目标准确,7,1,0.15,0.15,0.25,0.25
塔因头盔
骷髅帽
15
1
全技能加成,f,0,1,1,1,1
黄昏深处
高级头盔
17
5
防御值,8,1,0.30,0.30,0.50,0.50
元素抗性,f,1,0.10,0.10,0.15,0.15
最大伤害,7,0,6,6,8,8
物理减伤,d,0,5,5,7,7
防御值,8,0,10,10,20,20
恐怖之脸
面具
20
5
增强伤害,5,1,0.20,0.20,0.30,0.30
元素抗性,f,1,0.07,0.07,0.10,0.10
力量,f,0,15,15,20,20
防御值,8,0,20,20,25,25
减目标伤害,7,1,0.07,0.07,0.10,0.10
温暖骷髅
白骨头盔
21
5
毒素伤害,a,0,10,10,10,10
额外法力值,b,0,7,7,10,10
抗毒,a,1,0.20,0.20,0.25,0.25
死灵技能加成,f,0,1,1,1,1
吸取生命,c,1,0.003,0.003,0.005,0.005
怒号长牙
卓越头盔
25
4
防御值,8,1,0.60,0.60,0.80,0.80
魔法减伤,d,0,2,2,3,3
减目标伤害,7,1,0.04,0.04,0.05,0.05
减目标准确,7,1,0.10,0.10,0.15,0.15
不死皇冠
皇冠
29
6
准确率,6,0,40,40,60,60
增强伤害,5,1,0.20,0.20,0.30,0.30
防御值,8,1,0.30,0.30,0.60,0.60
抗毒,a,1,0.40,0.40,0.50,0.50
吸取生命,c,1,0.003,0.003,0.005,0.005
防御值,8,0,30,30,40,40
衣服
11
薄暮外观
布甲
7
6
抗火,4,1,0.15,0.15,0.20,0.20
抗冰,b,1,0.15,0.15,0.20,0.20
敏捷,a,0,8,8,10,10
吸取生命,c,1,0.004,0.004,0.005,0.005
魔法减伤,d,0,2,2,3,3
防御值,8,0,15,15,20,20
眨眼蝙蝠的外观
皮甲
12
3
准确率,6,0,40,40,50,50
火焰伤害,4,0,34,34,68,68
防御值,8,0,30,30,40,40
百夫长
硬皮甲
14
6
准确率,6,0,40,40,50,50
额外法力值,b,0,10,10,15,15
额外生命值,c,0,16,16,22,22
生命回复,c,0,4.5,4.5,6,6
物理减伤,d,0,1,1,2,2
防御值,8,0,20,20,30,30
扩散黑暗
锁环甲
14
5
准确率,6,0,15,15,20,20
防御值,8,1,0.70,0.70,1.00,1.00
元素抗性,f,1,0.07,0.07,0.10,0.10
防御值,8,0,10,10,20,20
元素抗性,f,1,0.05,0.05,0.05,0.05
鹰甲
鳞甲
15
3
准确率,6,0,40,40,50,50
防御值,8,1,0.80,0.80,1.00,1.00
抗冰,b,1,0.10,0.10,0.15,0.15
抽动的挣扎
镶嵌甲
16
3
力量,f,0,8,8,10,10
敏捷,a,0,8,8,10,10
防御值,8,0,20,20,25,25
火花之甲
锁子甲
17
3
闪电伤害,e,0,11,11,18,18
防御值,8,1,0.75,0.75,0.85,0.85
抗电,e,1,0.25,0.25,0.30,0.30
毒液牢房
胸甲
20
2
防御值,8,1,0.60,0.60,1.00,1.00
抗毒,a,1,0.70,0.70,0.90,0.90
冰雪眨眼
板甲
22
3
防御值,8,1,0.70,0.70,0.80,0.80
抗冰,b,1,0.25,0.25,0.30,0.30
魔法减伤,d,0,1,1,1,1
骨肉
铠甲
26
4
准确率,6,0,30,30,35,35
防御值,8,1,1.00,1.00,1.20,1.20
吸取生命,c,1,0.004,0.004,0.005,0.005
撕开伤口,d,1,0.20,0.20,0.25,0.25
石之毛
实战铠甲
28
4
防御值,8,1,1.00,1.00,1.30,1.30
力量,f,0,4,4,5,5
物理减伤,d,0,4,4,5,5
物理减伤,d,1,0.08,0.08,0.10,0.10
盾
9
新月小盾
圆盾
2
5
力量,f,0,2,2,2,2
精力,0,8,8,10,10
格挡率,6,1,0.20,0.20,0.20,0.20
防御值,8,0,25,25,30,30
体力,5,0,8,8,10,10
阴影圆盘
小盾牌
9
5
敏捷,a,0,8,8,10,10
额外生命值,c,0,15,15,20,20
格挡率,6,1,0.30,0.30,0.30,0.30
防御值,8,0,25,25,30,30
减目标准确,7,1,0.15,0.15,0.25,0.25
暴风公会
大盾牌
13
6
闪电伤害,e,0,1,1,6,6
防御值,8,1,0.50,0.50,0.60,0.60
抗电,e,1,0.20,0.20,0.25,0.25
格挡率,6,1,0.30,0.30,0.30,0.30
魔法减伤,d,0,1,1,1,1
防御值,8,0,25,25,30,30
作声的金属
轻盾
17
6
防御值,8,1,0.70,0.70,1.10,1.10
元素抗性,f,1,0.10,0.10,0.15,0.15
骑士技能加成,f,0,1,1,1,1
格挡率,6,1,0.25,0.25,0.25,0.25
物理减伤,d,0,2,2,3,3
防御值,8,0,15,15,20,20
剑背之架
尖刺盾牌
17
4
防御值,8,1,0.30,0.30,0.60,0.60
格挡率,6,1,0.20,0.20,0.20,0.20
防御值,8,0,8,8,10,10
撕开伤口,d,1,0.40,0.40,0.50,0.50
无眼之墙
白骨盾牌
20
6
格挡率,6,1,0.40,0.40,0.40,0.40
防御值,8,1,0.30,0.30,0.40,0.40
抗毒,a,1,0.15,0.15,0.20,0.20
吸取法力,b,0,4,4,5,5
吸取法力,b,1,0.002,0.002,0.003,0.003
防御值,8,0,8,8,10,10
贝弗提的纪念
塔盾
19
6
防御值,8,1,0.80,0.80,1.20,1.20
抗火,4,1,0.60,0.60,0.75,0.75
力量,f,0,4,4,5,5
格挡率,6,1,0.10,0.10,0.10,0.10
魔法减伤,d,0,3,3,5,5
防御值,8,0,25,25,30,30
光滑的镜面
轻盾
20
5
格挡率,6,1,0.53,0.53,0.53,0.53
增强伤害,5,1,0.50,0.50,0.75,0.75
防御值,8,1,0.70,0.70,1.00,1.00
敏捷,a,0,7,7,10,10
格挡率,6,1,0.25,0.25,0.25,0.25
囚房
哥德盾牌
26
7
格挡率,6,1,0.46,0.46,0.46,0.46
防御值,8,1,0.80,0.80,1.00,1.00
元素抗性,f,1,0.30,0.30,0.50,0.50
力量,f,0,8,8,10,10
格挡率,6,1,0.10,0.10,0.10,0.10
魔法减伤,d,0,1,1,2,2
防御值,8,0,30,30,40,40
手套
6
柏克之手
皮手套
5
6
防御值,8,1,0.10,0.10,0.20,0.20
额外法力值,b,0,15,15,20,20
抗毒,a,1,0.08,0.08,0.10,0.10
吸取生命,c,1,0.002,0.002,0.003,0.003
吸取法力,b,1,0.002,0.002,0.003,0.003
防御值,8,0,8,8,10,10
血拳
重手套
9
5
防御值,8,1,0.10,0.10,0.20,0.20
额外生命值,c,0,30,30,40,40
最小伤害,7,0,4,4,5,5
攻击速度,1,0.10,0.10,0.10,0.10
防御值,8,0,8,8,10,10
运气守护
锁链手套
15
3
准确率,6,0,20,20,25,25
防御值,8,1,0.20,0.20,0.30,0.30
防御值,8,0,10,10,15,15
法师之拳
轻型铁手套
23
5
火焰伤害,4,0,1,1,6,6
防御值,8,1,0.20,0.20,0.30,0.30
法师元素技能加成,f,0,1,1,1,1
防御值,8,0,8,8,10,10
法力回复,b,1,0.20,0.20,0.25,0.25
霜燃
铁手套
29
4
增强伤害,5,1,0.05,0.05,0.05,0.05
防御值,8,1,0.10,0.10,0.20,0.20
防御值,8,0,25,25,30,30
额外法力值,b,1,0.30,0.30,0.40,0.40
剧毒之抓
魔皮手套
29
5
毒素伤害,a,0,15,15,15,15
防御值,8,1,1.30,1.30,1.60,1.60
抗毒,a,1,0.25,0.25,0.30,0.30
吸取生命,c,1,0.004,0.004,0.005,0.005
压碎打击,d,1,0.04,0.04,0.05,0.05
